0 0.8970588235294118 0.19240196078431374 0.19607843137254902 0.2965686274509804
0 0.7165032679738562 0.08088235294117647 0.20751633986928106 0.16176470588235295
0 0.5343137254901961 0.39828431372549017 0.28104575163398693 0.3799019607843137
0 0.31290849673202614 0.18504901960784315 0.2696078431372549 0.34558823529411764
0 0.5302287581699346 0.8026960784313726 0.3284313725490196 0.3897058823529412
0 0.12581699346405228 0.07720588235294118 0.25163398692810457 0.14950980392156862
0 0.11519607843137254 0.6740196078431373 0.23039215686274508 0.3431372549019608
0 0.10375816993464053 0.33700980392156865 0.20751633986928106 0.3799019607843137
0 0.803921568627451 0.6544117647058824 0.2908496732026144 0.43137254901960786
0 0.30310457516339867 0.8725490196078431 0.2042483660130719 0.24019607843137256
0 0.2765359477124183 0.5758823529411765 0.3154084967320261 0.428357843137255