0 0.696078431372549 0.27941176470588236 0.16666666666666666 0.2549019607843137
0 0.8921568627450981 0.33088235294117646 0.20261437908496732 0.3137254901960784
0 0.5743464052287581 0.8075980392156863 0.1715686274509804 0.26715686274509803
0 0.375 0.31004901960784315 0.16830065359477125 0.25245098039215685
0 0.39624183006535946 0.6372549019607843 0.17483660130718953 0.2647058823529412
0 0.6160130718954249 0.5343137254901961 0.16666666666666666 0.2549019607843137
0 0.21486928104575165 0.5306372549019608 0.2042483660130719 0.3161764705882353
0 0.07434640522875817 0.7365196078431373 0.14869281045751634 0.25245098039215685
0 0.24918300653594772 0.8308823529411765 0.1781045751633987 0.28921568627450983
0 0.2883986928104575 0.1053921568627451 0.16176470588235295 0.2107843137254902
0 0.5253267973856209 0.08333333333333333 0.15196078431372548 0.16176470588235295
0 0.09640522875816994 0.12622549019607843 0.1895424836601307 0.25245098039215685
0 0.4207516339869281 0.9068627450980392 0.1781045751633987 0.18137254901960784
0 0.798202614379085 0.1017156862745098 0.1715686274509804 0.2034313725490196
0 0.886437908496732 0.7720588235294118 0.18790849673202614 0.24509803921568626
0 0.04330065359477124 0.36519607843137253 0.08660130718954248 0.2647058823529412