0 0.7933006535947712 0.5269607843137255 0.22712418300653595 0.3431372549019608
0 0.880718954248366 0.8431372549019608 0.23529411764705882 0.29901960784313725
0 0.6633986928104575 0.8566176470588235 0.16666666666666666 0.26715686274509803
0 0.7843137254901961 0.1642156862745098 0.23529411764705882 0.3235294117647059
0 0.1854575163398693 0.8443627450980392 0.26633986928104575 0.2916666666666667
0 0.5343137254901961 0.14338235294117646 0.21241830065359477 0.2867647058823529
0 0.4452614379084967 0.8517156862745098 0.24019607843137256 0.2818627450980392
0 0.1053921568627451 0.1556372549019608 0.2042483660130719 0.3112745098039216
0 0.06699346405228758 0.5625 0.13071895424836602 0.44362745098039214
0 0.3227124183006536 0.12745098039215685 0.22058823529411764 0.25
0 0.2565359477124183 0.46568627450980393 0.2647058823529412 0.3872549019607843
0 0.5441176470588235 0.5012254901960784 0.25163398692810457 0.38480392156862747