0 0.9011437908496732 0.8394607843137255 0.1977124183006536 0.3112745098039216
0 0.7116013071895425 0.8370098039215687 0.19444444444444445 0.3161764705882353
0 0.5269607843137255 0.5134803921568627 0.1781045751633987 0.2916666666666667
0 0.6723856209150327 0.1053921568627451 0.17483660130718953 0.2107843137254902
0 0.10294117647058823 0.8627450980392157 0.20261437908496732 0.25
0 0.7148692810457516 0.4681372549019608 0.1454248366013072 0.29901960784313725
0 0.8521241830065359 0.12622549019607843 0.15196078431372548 0.25245098039215685
0 0.06372549019607843 0.1213235294117647 0.12745098039215685 0.2426470588235294
0 0.4526143790849673 0.7671568627450981 0.2647058823529412 0.13725490196078433
0 0.8962418300653595 0.3431372549019608 0.1977124183006536 0.24509803921568626
0 0.3145424836601307 0.13848039215686275 0.15196078431372548 0.25245098039215685
0 0.8085767973856209 0.5507573529411764 0.9983660130718954 0.7632990196078431 0.9983660130718954 0.5715661764705883 0.871954248366013 0.4411764705882353 0.8085767973856209 0.5507573529411764
0 0.1312140522875817 0.556703431372549 0.25004901960784315 0.7454632352941176 0.5312941176470588 0.30849019607843137 0.4292924836601307 0.17602450980392156 0.1312140522875817 0.556703431372549
0 0.02624346405228758 0.5730514705882354 0.11536928104575163 0.6860122549019607 0.29857352941176474 0.3441593137254902 0.22578758169934637 0.258468137254902 0.02624346405228758 0.5730514705882354
0 0.004455882352941176 0.28173529411764703 0 0.6072377450980392 0.20350490196078433 0.3263259803921568 0.10843790849673203 0.1715686274509804 0.004455882352941176 0.28173529411764703