0 0.4624183006535948 0.821078431372549 0.19281045751633988 0.29411764705882354
0 0.8480392156862745 0.5196078431372549 0.1568627450980392 0.23039215686274508
0 0.636437908496732 0.23039215686274508 0.17483660130718953 0.2696078431372549
0 0.7598039215686274 0.8455882352941176 0.19934640522875818 0.28921568627450983
0 0.8022875816993464 0.29044117647058826 0.15359477124183007 0.22303921568627452
0 0.37173202614379086 0.20833333333333334 0.16176470588235295 0.2107843137254902
0 0.5049019607843137 0.43137254901960786 0.23202614379084968 0.47058823529411764
0 0.1487908496732026 0.3017156862745098 0.23222222222222222 0.3524019607843138
0 0.2866830065359477 0.5721323529411765 0.18419934640522878 0.27825980392156857
0 0.7068300653594771 0.5104656862745098 0.12428104575163408 0.20840686274509812
0 0.2040032679738562 0.844779411764706 0.13764705882352943 0.1818382352941175