0 0.8108108108108109 0.2654639175257732 0.30115830115830117 0.19072164948453607
0 0.17567567567567569 0.10824742268041238 0.25096525096525096 0.14432989690721648
0 0.7953667953667953 0.7912371134020618 0.37065637065637064 0.39690721649484534
0 0.8397683397683398 0.48195876288659795 0.3127413127413127 0.26288659793814434
0 0.637065637065637 0.10824742268041238 0.23166023166023167 0.16494845360824742
0 0.2876447876447876 0.2603092783505155 0.27413127413127414 0.19072164948453607
0 0.3088803088803089 0.4896907216494845 0.32432432432432434 0.28865979381443296
0 0.5694980694980695 0.5747422680412371 0.27413127413127414 0.34536082474226804
0 0.5424710424710425 0.2706185567010309 0.22007722007722008 0.25257731958762886
0 0.8455598455598455 0.1056701030927835 0.23166023166023167 0.18041237113402062
0 0.28378378378378377 0.8170103092783505 0.40540540540540543 0.3556701030927835
0 0.41312741312741313 0.1134020618556701 0.2084942084942085 0.15463917525773196