0 0.5294117647058824 0.40931372549019607 0.4019607843137255 0.22712418300653595
0 0.5220588235294118 0.6633986928104575 0.4117647058823529 0.25163398692810457
0 0.5306372549019608 0.2042483660130719 0.36519607843137253 0.17973856209150327
0 0.17401960784313725 0.7818627450980392 0.3480392156862745 0.2761437908496732
0 0.8529411764705882 0.7769607843137255 0.28431372549019607 0.2761437908496732
0 0.8343872549019608 0.1432843137254902 0.3312254901960784 0.17297385620915035
0 0.8571323529411764 0.27248366013071895 0.2857107843137256 0.16993464052287582
0 0.8518872549019608 0.4067483660130719 0.29622549019607847 0.200359477124183
0 0.8406862745098039 0.5449346405228758 0.31862745098039214 0.184640522875817
0 0.17857843137254903 0.15534313725490195 0.3571323529411765 0.14573529411764705
0 0.169828431372549 0.272875816993464 0.33963235294117644 0.15669934640522876
0 0.15931372549019607 0.4164705882352941 0.31862745098039214 0.15911764705882353
0 0.18732843137254904 0.5550163398692811 0.3746568627450981 0.17477124183006543