0 0.7990196078431373 0.8026960784313726 0.2973856209150327 0.2916666666666667
0 0.27532679738562094 0.8112745098039216 0.25980392156862747 0.2549019607843137
0 0.5833333333333334 0.1482843137254902 0.16666666666666666 0.14950980392156862
0 0.7606209150326797 0.17769607843137256 0.1977124183006536 0.15441176470588236
0 0.8921568627450981 0.5649509803921569 0.21568627450980393 0.23284313725490197
0 0.10294117647058823 0.7071078431372549 0.20588235294117646 0.2769607843137255
0 0.08496732026143791 0.5098039215686274 0.16993464052287582 0.20588235294117646
0 0.07679738562091504 0.3431372549019608 0.1503267973856209 0.16666666666666666
0 0.5245098039215687 0.8529411764705882 0.2973856209150327 0.27941176470588236
0 0.3888888888888889 0.15441176470588236 0.22549019607843138 0.14705882352941177
0 0.21241830065359477 0.22549019607843138 0.22549019607843138 0.18137254901960784
0 0.6206699346405229 0.5463480392156863 0.3262908496732027 0.32585784313725485
0 0.7320261437908496 0.34267156862745096 0.3006535947712418 0.22036764705882347
0 0.29411764705882354 0.5257107843137255 0.2644117647058823 0.3592156862745097
0 0.4404411764705883 0.32845588235294115 0.298578431372549 0.27218137254901964
0 0.9151797385620916 0.34887254901960785 0.16964052287581688 0.21053921568627457