0 0.2653333333333333 0.768957345971564 0.328 0.3104265402843602
0 0.6366666666666667 0.36492890995260663 0.3 0.1990521327014218
0 0.6413333333333333 0.8483412322274881 0.272 0.2890995260663507
0 0.9126666666666666 0.38981042654028436 0.17466666666666666 0.22037914691943128
0 0.5053333333333333 0.566350710900474 0.26666666666666666 0.27488151658767773
0 0.822 0.5841232227488151 0.31866666666666665 0.24881516587677724
0 0.09666666666666666 0.3305687203791469 0.19333333333333333 0.16824644549763032
0 0.378 0.33175355450236965 0.332 0.27488151658767773
0 0.6848666666666666 0.1250473933649289 0.25569333333333333 0.25007109004739336
0 0.15666666666666668 0.525521327014218 0.31333333333333335 0.2627251184834124
0 0.91 0.23 0.18 0.1456161137440758