0 0.30625 0.21370023419203746 0.15625 0.08548009367681499
0 0.41796875 0.16744730679156908 0.1359375 0.07259953161592506
0 0.411328125 0.25234192037470726 0.12421875 0.09250585480093677
0 0.394921875 0.5193208430913349 0.21328125 0.16042154566744732
0 0.683984375 0.547423887587822 0.27421875 0.18149882903981265
0 0.528125 0.117096018735363 0.1234375 0.06791569086651054
0 0.756640625 0.4203747072599532 0.19765625 0.1288056206088993
0 0.5515625 0.1920374707259953 0.15 0.09601873536299765
0 0.71875 0.2939110070257611 0.1453125 0.11241217798594848
0 0.5536484374999999 0.3518735362997658 0.25416406249999995 0.22365339578454332
0 0.354296875 0.3471896955503513 0.13828125 0.11592505854800937