0 0.896875 0.6039783001808319 0.15625 0.4014466546112116
0 0.561875 0.26220614828209765 0.11125 0.20976491862567812
0 0.25625 0.48010849909584086 0.145 0.20795660036166366
0 0.41 0.26491862567811936 0.1425 0.20795660036166366
0 0.473125 0.49819168173598555 0.18375 0.2730560578661845
0 0.084375 0.48553345388788427 0.14875 0.2115732368896926
0 0.088125 0.2504520795660036 0.14875 0.21518987341772153
0 0.586875 0.7305605786618445 0.14875 0.21338155515370705
0 0.718125 0.26220614828209765 0.14875 0.21699819168173598
0 0.258125 0.720614828209765 0.15125 0.21518987341772153
0 0.088125 0.7242314647377939 0.14875 0.2115732368896926
0 0.74875 0.7377938517179023 0.16 0.2314647377938517
0 0.7025 0.49909584086799275 0.2175 0.2423146473779385
0 0.903125 0.27124773960216997 0.15125 0.21338155515370705
0 0.420625 0.7323688969258589 0.14875 0.21338155515370705
0 0.250625 0.24864376130198915 0.14625 0.21518987341772153