0 0.2540849673202614 0.8100490196078431 0.31209150326797386 0.375
0 0.8455882352941176 0.7647058823529411 0.3055555555555556 0.46568627450980393
0 0.5915032679738562 0.11029411764705882 0.2222222222222222 0.22058823529411764
0 0.9125816993464052 0.10661764705882353 0.16830065359477125 0.21323529411764705
0 0.8880718954248366 0.36519607843137253 0.21405228758169934 0.28431372549019607
0 0.16993464052287582 0.5600490196078431 0.2581699346405229 0.2818627450980392
0 0.6747875816993465 0.6154166666666667 0.24173202614379094 0.418921568627451
0 0.484281045751634 0.47372549019607835 0.2357679738562091 0.3988970588235293
0 0.3941339869281046 0.3292156862745098 0.27826797385620916 0.3271568627450981
0 0.7276143790849673 0.20884803921568626 0.26787581699346397 0.23794117647058827
0 0.2866830065359477 0.23262254901960783 0.19013071895424838 0.3033333333333333
0 0.09967320261437909 0.38848039215686275 0.19934640522875818 0.2426470588235294