0 0.7736928104575164 0.7879901960784313 0.25980392156862747 0.3799019607843137
0 0.44199346405228757 0.33700980392156865 0.2173202614379085 0.22794117647058823
0 0.20833333333333334 0.49019607843137253 0.2107843137254902 0.37254901960784315
0 0.40522875816993464 0.6053921568627451 0.2222222222222222 0.3235294117647059
0 0.6045751633986928 0.5563725490196079 0.18627450980392157 0.3284313725490196
0 0.24509803921568626 0.8088235294117647 0.19607843137254902 0.29411764705882354
0 0.3022875816993464 0.1948529411764706 0.1503267973856209 0.19852941176470587
0 0.5016339869281046 0.1213235294117647 0.25163398692810457 0.23774509803921567
0 0.6813725490196079 0.23161764705882354 0.20588235294117646 0.35049019607843135
0 0.7867647058823529 0.46200980392156865 0.19117647058823528 0.2622549019607843
0 0.4852941176470588 0.8468137254901961 0.27450980392156865 0.23774509803921567