0 0.20833333333333334 0.8029556650246306 0.22058823529411764 0.3497536945812808
0 0.7095915032679738 0.8193349753694581 0.22460784313725496 0.3268226600985223
0 0.18218954248366012 0.14285714285714285 0.2107843137254902 0.2857142857142857
0 0.06454248366013073 0.6219211822660099 0.12581699346405228 0.27832512315270935
0 0.7050653594771242 0.15517241379310345 0.2107843137254902 0.3054187192118227
0 0.4583333333333333 0.49137931034482757 0.19444444444444445 0.30295566502463056
0 0.17256535947712418 0.4390886699507389 0.14805555555555552 0.2989655172413793
0 0.2904084967320261 0.45886699507389167 0.15003267973856207 0.280320197044335
0 0.46049019607843134 0.7492857142857142 0.19310457516339866 0.19837438423645312
0 0.8972058823529412 0.7037438423645321 0.14557189542483656 0.2595566502463054
0 0.6417156862745098 0.4820197044334975 0.13962418300653603 0.2907881773399015
0 0.7674836601307189 0.4954433497536946 0.13764705882352943 0.29975369458128076
0 0.4733660130718954 0.2303940886699508 0.1950816993464052 0.19059113300492614