0 0.07679738562091504 0.4660377358490566 0.15359477124183007 0.38113207547169814
0 0.505718954248366 0.13018867924528302 0.13562091503267973 0.26037735849056604
0 0.2034313725490196 0.12641509433962264 0.1388888888888889 0.2528301886792453
0 0.755718954248366 0.8622641509433963 0.1454248366013072 0.2679245283018868
0 0.380718954248366 0.690566037735849 0.1568627450980392 0.2490566037735849
0 0.21241830065359477 0.8716981132075472 0.1437908496732026 0.2490566037735849
0 0.5098039215686274 0.869811320754717 0.14052287581699346 0.2528301886792453
0 0.7728758169934641 0.12452830188679245 0.1437908496732026 0.2490566037735849
0 0.8905228758169934 0.49433962264150944 0.19281045751633988 0.4226415094339623
0 0.39705882352941174 0.40943396226415096 0.16013071895424835 0.33584905660377357
0 0.5964052287581699 0.869811320754717 0.032679738562091505 0.24528301886792453
0 0.5744117647058824 0.4690943396226415 0.14831699346405225 0.32664150943396225
0 0.6856535947712419 0.6224905660377359 0.09678104575163402 0.26769811320754716