0 0.6952614379084967 0.4857142857142857 0.15849673202614378 0.16
0 0.7949346405228758 0.31857142857142856 0.10294117647058823 0.16857142857142857
0 0.30800653594771243 0.8314285714285714 0.11274509803921569 0.18857142857142858
0 0.08905228758169935 0.48 0.10947712418300654 0.19428571428571428
0 0.9117647058823529 0.4614285714285714 0.11437908496732026 0.19714285714285715
0 0.9166666666666666 0.11142857142857143 0.13071895424836602 0.22285714285714286
0 0.6756535947712419 0.15714285714285714 0.11274509803921569 0.2
0 0.23202614379084968 0.6371428571428571 0.10457516339869281 0.1657142857142857
0 0.6740196078431373 0.8414285714285714 0.11601307189542484 0.19714285714285715
0 0.31209150326797386 0.47 0.10784313725490197 0.14
0 0.29901960784313725 0.15428571428571428 0.1111111111111111 0.2