0 0.8562091503267973 0.1882640586797066 0.21895424836601307 0.31784841075794623
0 0.8325163398692811 0.8447432762836186 0.27941176470588236 0.30073349633251834
0 0.5612745098039216 0.17359413202933985 0.2826797385620915 0.3374083129584352
0 0.14624183006535948 0.578239608801956 0.2826797385620915 0.4229828850855746
0 0.2785947712418301 0.22860635696821516 0.184640522875817 0.2762836185819071
0 0.46078431372549017 0.8215158924205379 0.30392156862745096 0.3471882640586797
0 0.41830065359477125 0.46454767726161367 0.1830065359477124 0.28361858190709044
0 0.9166666666666666 0.5770171149144254 0.16013071895424835 0.26894865525672373
0 0.07679738562091504 0.19682151589242053 0.1503267973856209 0.3056234718826406
0 0.6764705882352942 0.519559902200489 0.2222222222222222 0.3545232273838631
0 0.015522875816993464 0.6968215158924206 0.03104575163398693 0.13691931540342298