0 0.3137254901960784 0.43983957219251335 0.1830065359477124 0.30213903743315507
0 0.5187908496732027 0.5735294117647058 0.23039215686274508 0.38235294117647056
0 0.3382352941176471 0.12433155080213903 0.23202614379084968 0.24866310160427807
0 0.2704248366013072 0.9024064171122995 0.2238562091503268 0.18983957219251338
0 0.1380718954248366 0.11229946524064172 0.14869281045751634 0.22459893048128343
0 0.08251633986928104 0.6417112299465241 0.16176470588235295 0.3582887700534759
0 0.7303921568627451 0.14304812834224598 0.21568627450980393 0.2807486631016043
0 0.8120915032679739 0.8836898395721925 0.17973856209150327 0.22727272727272727
0 0.5408496732026143 0.08155080213903744 0.1503267973856209 0.16310160427807488
0 0.920751633986928 0.5347593582887701 0.15522875816993464 0.3689839572192513
0 0.13970588235294118 0.37032085561497324 0.1388888888888889 0.21657754010695188
0 0.5310457516339869 0.910427807486631 0.16666666666666666 0.17914438502673796
0 0.9665032679738562 0.22459893048128343 0.06699346405228758 0.19786096256684493
0 0.7352941176470589 0.4879679144385027 0.1830065359477124 0.2914438502673797