0 0.1968954248366013 0.15058823529411763 0.2957516339869281 0.18352941176470589
0 0.3660130718954248 0.8458823529411764 0.3464052287581699 0.2988235294117647
0 0.1380718954248366 0.6352941176470588 0.2696078431372549 0.32941176470588235
0 0.545751633986928 0.05764705882352941 0.21241830065359477 0.11529411764705882
0 0.8619281045751634 0.6435294117647059 0.272875816993464 0.3552941176470588
0 0.8243464052287581 0.16 0.29901960784313725 0.17882352941176471
0 0.16094771241830066 0.3623529411764706 0.184640522875817 0.12705882352941175
0 0.8423202614379085 0.34941176470588237 0.19444444444444445 0.1388235294117647
0 0.5130718954248366 0.2 0.33986928104575165 0.2635294117647059
0 0.3431372549019608 0.38 0.0784313725490196 0.07764705882352942
0 0.5004901960784314 0.6242823529411764 0.4817156862745099 0.44162352941176464