0 0.761437908496732 0.6476426799007444 0.2679738562091503 0.25806451612903225
0 0.1527777777777778 0.3560794044665012 0.19117647058823528 0.1761786600496278
0 0.23937908496732027 0.6464019851116626 0.2696078431372549 0.2555831265508685
0 0.9125816993464052 0.3076923076923077 0.15849673202614378 0.15384615384615385
0 0.3088235294117647 0.18362282878411912 0.20588235294117646 0.17369727047146402
0 0.08741830065359477 0.5099255583126551 0.16830065359477125 0.20595533498759305
0 0.8611111111111112 0.43424317617866004 0.16993464052287582 0.17866004962779156
0 0.6985294117647058 0.18362282878411912 0.2042483660130719 0.16377171215880892
0 0.4934640522875817 0.6339950372208437 0.14705882352941177 0.141439205955335
0 0.1437908496732026 0.20099255583126552 0.12745098039215685 0.14392059553349876
0 0.9419934640522876 0.6476426799007444 0.10947712418300654 0.21836228287841192
0 0.5065359477124183 0.1774193548387097 0.1111111111111111 0.12158808933002481
0 0.690359477124183 0.39950372208436724 0.25980392156862747 0.2729528535980149
0 0.42320261437908496 0.4851116625310174 0.1437908496732026 0.0967741935483871
0 0.3232516339869282 0.38622828784119106 0.25980392156862747 0.2729528535980149