0 0.8390522875816994 0.5036764705882353 0.31209150326797386 0.2818627450980392
0 0.09722222222222222 0.6691176470588235 0.19117647058823528 0.21568627450980393
0 0.369281045751634 0.7181372549019608 0.35294117647058826 0.36764705882352944
0 0.829248366013072 0.18137254901960784 0.16176470588235295 0.10784313725490197
0 0.10212418300653595 0.47794117647058826 0.2042483660130719 0.17647058823529413
0 0.8439542483660131 0.29534313725490197 0.17483660130718953 0.125
0 0.20751633986928106 0.2659313725490196 0.24183006535947713 0.21323529411764705
0 0.6217320261437909 0.5870098039215687 0.16830065359477125 0.1642156862745098
0 0.5776143790849673 0.14583333333333334 0.24673202614379086 0.17401960784313725
0 0.675375816993464 0.30387254901960786 0.1561437908496733 0.3281372549019608
0 0.30562091503267974 0.44235294117647056 0.23480392156862742 0.34549019607843134