0 0.5571895424836601 0.2309941520467836 0.1830065359477124 0.2124756335282651
0 0.16830065359477125 0.24853801169590642 0.17647058823529413 0.2124756335282651
0 0.5367647058823529 0.7407407407407407 0.18137254901960784 0.21052631578947367
0 0.8986928104575164 0.260233918128655 0.1830065359477124 0.2202729044834308
0 0.14950980392156862 0.7641325536062378 0.1781045751633987 0.21052631578947367
0 0.8717320261437909 0.46296296296296297 0.1454248366013072 0.1695906432748538
0 0.9158496732026143 0.7748538011695907 0.16830065359477125 0.2124756335282651
0 0.4158496732026144 0.5214424951267057 0.1388888888888889 0.17738791423001948
0 0.7712418300653595 0.5350877192982456 0.13725490196078433 0.16569200779727095
0 0.2965686274509804 0.42884990253411304 0.14869281045751634 0.17543859649122806
0 0.5988562091503268 0.51364522417154 0.2107843137254902 0.2709551656920078
0 0.06372549019607843 0.49249512670565304 0.12418300653594772 0.21693957115009752