0 0.17483660130718953 0.8480392156862745 0.27124183006535946 0.296078431372549
0 0.41094771241830064 0.2901960784313726 0.2761437908496732 0.33725490196078434
0 0.8954248366013072 0.4519607843137255 0.19934640522875818 0.30392156862745096
0 0.7026143790849673 0.24803921568627452 0.28104575163398693 0.3431372549019608
0 0.119281045751634 0.4264705882352941 0.23202614379084968 0.34705882352941175
0 0.696078431372549 0.8519607843137255 0.27450980392156865 0.28431372549019607
0 0.434640522875817 0.8382352941176471 0.27450980392156865 0.31176470588235294
0 0.5318627450980392 0.08137254901960785 0.2826797385620915 0.1588235294117647
0 0.16176470588235295 0.13529411764705881 0.28431372549019607 0.26666666666666666
0 0.5906862745098039 0.5352941176470588 0.29248366013071897 0.35294117647058826
0 0.9133986928104575 0.14901960784313725 0.16666666666666666 0.2980392156862745
0 0.30310457516339867 0.5509803921568628 0.1977124183006536 0.27058823529411763
0 0.8570261437908496 0.7137254901960784 0.1977124183006536 0.25882352941176473