0 0.9272727272727272 0.48409090909090907 0.14545454545454545 0.32727272727272727
0 0.9227272727272727 0.8329545454545455 0.15454545454545454 0.32045454545454544
0 0.11 0.1625 0.21636363636363637 0.325
0 0.11272727272727273 0.8363636363636363 0.22181818181818183 0.3090909090909091
0 0.6754545454545454 0.1534090909090909 0.2636363636363636 0.3068181818181818
0 0.3654545454545455 0.15795454545454546 0.2581818181818182 0.3159090909090909
0 0.6845454545454546 0.8340909090909091 0.27454545454545454 0.3181818181818182
0 0.3790909090909091 0.5056818181818182 0.2636363636363636 0.32954545454545453
0 0.6945454545454546 0.4863636363636364 0.2727272727272727 0.33181818181818185
0 0.9190909090909091 0.15454545454545454 0.15818181818181817 0.3090909090909091
0 0.38272727272727275 0.8397727272727272 0.2672727272727273 0.31136363636363634
0 0.11 0.49772727272727274 0.21272727272727274 0.32727272727272727