0 0.3137254901960784 0.4358288770053476 0.1830065359477124 0.2994652406417112
0 0.3382352941176471 0.12433155080213903 0.23202614379084968 0.24866310160427807
0 0.5187908496732027 0.5721925133689839 0.22712418300653595 0.37967914438502676
0 0.7303921568627451 0.14304812834224598 0.21568627450980393 0.2807486631016043
0 0.8120915032679739 0.8810160427807486 0.17973856209150327 0.22727272727272727
0 0.08169934640522876 0.6403743315508021 0.16013071895424835 0.3663101604278075
0 0.9199346405228758 0.5320855614973262 0.15359477124183007 0.3689839572192513
0 0.14052287581699346 0.3689839572192513 0.13725490196078433 0.2192513368983957
0 0.5392156862745098 0.08155080213903744 0.14705882352941177 0.16310160427807488
0 0.5318627450980392 0.9077540106951871 0.1650326797385621 0.17914438502673796
0 0.738562091503268 0.4852941176470588 0.18627450980392157 0.2914438502673797
0 0.2847058823529412 0.9075401069518717 0.22975490196078432 0.18489304812834217