0 0.9093137254901961 0.2867647058823529 0.1715686274509804 0.29901960784313725
0 0.5065359477124183 0.2769607843137255 0.19607843137254902 0.28921568627450983
0 0.7165032679738562 0.29411764705882354 0.2042483660130719 0.30392156862745096
0 0.5531045751633987 0.5747549019607843 0.2042483660130719 0.30637254901960786
0 0.7736928104575164 0.6176470588235294 0.2042483660130719 0.3137254901960784
0 0.6756535947712419 0.8762254901960784 0.21405228758169934 0.23284313725490197
0 0.34395424836601307 0.5919117647058824 0.1977124183006536 0.30637254901960786
0 0.21241830065359477 0.2928921568627451 0.19281045751633988 0.2965686274509804
0 0.46486928104575165 0.8468137254901961 0.20751633986928106 0.2965686274509804
0 0.9354575163398693 0.633578431372549 0.12254901960784313 0.3161764705882353
0 0.11274509803921569 0.6740196078431373 0.2222222222222222 0.4852941176470588