0 0.46405228758169936 0.5072674418604651 0.17647058823529413 0.3226744186046512
0 0.6446078431372549 0.5290697674418605 0.16830065359477125 0.3023255813953488
0 0.6666666666666666 0.20494186046511628 0.17973856209150327 0.33430232558139533
0 0.7933006535947712 0.7674418604651163 0.20751633986928106 0.37209302325581395
0 0.14215686274509803 0.375 0.18627450980392157 0.32558139534883723
0 0.10947712418300654 0.7601744186046512 0.21895424836601307 0.3866279069767442
0 0.29411764705882354 0.623546511627907 0.16339869281045752 0.29941860465116277
0 0.6029411764705882 0.8343023255813954 0.16013071895424835 0.29069767441860467
0 0.3022875816993464 0.17587209302325582 0.16993464052287582 0.311046511627907
0 0.8455882352941176 0.2136627906976744 0.1650326797385621 0.30523255813953487
0 0.4877450980392157 0.1555232558139535 0.16830065359477125 0.311046511627907
0 0.9109477124183006 0.4883720930232558 0.16176470588235295 0.29069767441860467
0 0.3937908496732026 0.8619186046511628 0.16013071895424835 0.2761627906976744