0 0.14133986928104575 0.09302325581395349 0.2565359477124183 0.18604651162790697
0 0.1830065359477124 0.7919896640826873 0.24836601307189543 0.3850129198966408
0 0.7225326797385621 0.8099741602067183 0.21506535947712418 0.33276485788113686
0 0.255718954248366 0.43023255813953487 0.2826797385620915 0.4418604651162791
0 0.45588235294117646 0.7441860465116279 0.1895424836601307 0.27906976744186046
0 0.5645424836601307 0.10335917312661498 0.15522875816993464 0.20671834625322996
0 0.6772875816993464 0.36046511627906974 0.26633986928104575 0.4315245478036176
0 0.8431372549019608 0.5465116279069767 0.16666666666666666 0.28165374677002586
0 0.33578431372549017 0.14987080103359174 0.1715686274509804 0.26356589147286824
0 0.755718954248366 0.09043927648578812 0.20751633986928106 0.18087855297157623
0 0.47794117647058826 0.4405684754521964 0.14869281045751634 0.30749354005167956