0 0.4275653594771242 0.5674509803921569 0.2908496732026144 0.37845588235294125
0 0.3104575163398693 0.10294117647058823 0.28431372549019607 0.20588235294117646
0 0.4019607843137255 0.2806372549019608 0.2222222222222222 0.23284313725490197
0 0.738562091503268 0.4889705882352941 0.3202614379084967 0.49754901960784315
0 0.7810457516339869 0.8370098039215687 0.19934640522875818 0.20833333333333334
0 0.16094771241830066 0.6078431372549019 0.16830065359477125 0.25
0 0.19362745098039216 0.3541666666666667 0.14215686274509803 0.21323529411764705
0 0.5996732026143791 0.16911764705882354 0.13725490196078433 0.20588235294117646
0 0.7802287581699346 0.10661764705882353 0.17483660130718953 0.20833333333333334
0 0.5266830065359477 0.8787009803921568 0.23638888888888882 0.24259803921568632
0 0.2813235294117647 0.8542156862745097 0.17537581699346402 0.27379901960784325