0 0.5465686274509803 0.5122549019607843 0.23039215686274508 0.3480392156862745
0 0.8022875816993464 0.5036764705882353 0.238562091503268 0.34558823529411764
0 0.31699346405228757 0.5134803921568627 0.2222222222222222 0.33578431372549017
0 0.7532679738562091 0.15931372549019607 0.24183006535947713 0.3088235294117647
0 0.28431372549019607 0.15196078431372548 0.2222222222222222 0.30392156862745096
0 0.5449346405228758 0.8602941176470589 0.22712418300653595 0.2696078431372549
0 0.29901960784313725 0.8627450980392157 0.21895424836601307 0.2647058823529412
0 0.5130718954248366 0.15073529411764705 0.22875816993464052 0.3014705882352941
0 0.09068627450980392 0.8468137254901961 0.18137254901960784 0.2965686274509804
0 0.09722222222222222 0.5049019607843137 0.19117647058823528 0.3333333333333333
0 0.08169934640522876 0.15808823529411764 0.16013071895424835 0.3161764705882353
0 0.8071895424836601 0.8541666666666666 0.23529411764705882 0.2769607843137255