0 0.28921568627450983 0.43846153846153846 0.30718954248366015 0.5025641025641026
0 0.1119281045751634 0.8358974358974359 0.2238562091503268 0.3230769230769231
0 0.8856209150326797 0.17051282051282052 0.22549019607843138 0.34102564102564104
0 0.8594771241830066 0.8474358974358974 0.238562091503268 0.3
0 0.4477124183006536 0.11153846153846154 0.17973856209150327 0.2230769230769231
0 0.14052287581699346 0.12564102564102564 0.20915032679738563 0.2512820512820513
0 0.4452614379084967 0.8641025641025641 0.15849673202614378 0.26666666666666666
0 0.29411764705882354 0.8641025641025641 0.14052287581699346 0.2717948717948718
0 0.6446078431372549 0.8141025641025641 0.1715686274509804 0.33076923076923076
0 0.5845261437908497 0.4125897435897436 0.3623692810457516 0.7418205128205129
0 0.06781045751633986 0.40897435897435896 0.12908496732026145 0.33589743589743587
0 0.8578431372549019 0.5025641025641026 0.28431372549019607 0.46153846153846156