0 0.39133986928104575 0.8431372549019608 0.1977124183006536 0.30392156862745096
0 0.613562091503268 0.8419117647058824 0.2565359477124183 0.30637254901960786
0 0.7116013071895425 0.6115196078431373 0.20098039215686275 0.3112745098039216
0 0.8700980392156863 0.883578431372549 0.25980392156862747 0.23284313725490197
0 0.4272875816993464 0.16176470588235295 0.25 0.31862745098039214
0 0.0923202614379085 0.8014705882352942 0.18137254901960784 0.37745098039215685
0 0.673202614379085 0.24019607843137256 0.2581699346405229 0.38235294117647056
0 0.477124183006536 0.5110294117647058 0.25163398692810457 0.3897058823529412
0 0.8986928104575164 0.19362745098039216 0.19934640522875818 0.37254901960784315
0 0.8913398692810458 0.5698529411764706 0.2107843137254902 0.38480392156862747
0 0.2589869281045752 0.6556372549019608 0.20751633986928106 0.3161764705882353
0 0.1977124183006536 0.32107843137254904 0.25163398692810457 0.37254901960784315
0 0.06944444444444445 0.13602941176470587 0.13562091503267973 0.27205882352941174