0 0.7214052287581699 0.12467532467532468 0.2238562091503268 0.24935064935064935
0 0.6723856209150327 0.8532467532467533 0.2434640522875817 0.2935064935064935
0 0.09395424836601307 0.8090909090909091 0.18137254901960784 0.37662337662337664
0 0.06209150326797386 0.42337662337662335 0.12418300653594772 0.3168831168831169
0 0.2622549019607843 0.12597402597402596 0.25326797385620914 0.24675324675324675
0 0.8978758169934641 0.7896103896103897 0.20098039215686275 0.4103896103896104
0 0.5049019607843137 0.10649350649350649 0.14705882352941177 0.2077922077922078
0 0.059640522875817 0.10779220779220779 0.11274509803921569 0.21558441558441557
0 0.3488562091503268 0.8350649350649351 0.26633986928104575 0.3246753246753247
0 0.9354575163398693 0.08831168831168831 0.12581699346405228 0.17662337662337663
0 0.9468954248366013 0.38571428571428573 0.10620915032679738 0.2987012987012987