0 0.7197712418300654 0.42005813953488375 0.2173202614379085 0.39825581395348836
0 0.7540849673202614 0.8052325581395349 0.2238562091503268 0.38372093023255816
0 0.2818627450980392 0.5101744186046512 0.2173202614379085 0.39244186046511625
0 0.5277777777777778 0.8125 0.2222222222222222 0.3633720930232558
0 0.13316993464052287 0.125 0.22058823529411764 0.2441860465116279
0 0.4918300653594771 0.40261627906976744 0.21241830065359477 0.39244186046511625
0 0.6013071895424836 0.12645348837209303 0.20915032679738563 0.25290697674418605
0 0.3799019607843137 0.13226744186046513 0.2107843137254902 0.25872093023255816
0 0.08660130718954248 0.44476744186046513 0.16666666666666666 0.4011627906976744
0 0.9183006535947712 0.1380813953488372 0.1568627450980392 0.2761627906976744
0 0.9166666666666666 0.45203488372093026 0.16013071895424835 0.311046511627907
0 0.9321895424836601 0.8008720930232558 0.1323529411764706 0.3866279069767442
0 0.7867647058823529 0.08866279069767442 0.14869281045751634 0.17732558139534885
0 0.31243464052287584 0.878720930232558 0.1612908496732026 0.22345930232558142