0 0.5155228758169934 0.6802469135802469 0.15849673202614378 0.23950617283950618
0 0.3684640522875817 0.8 0.15849673202614378 0.2419753086419753
0 0.7050653594771242 0.17407407407407408 0.2369281045751634 0.34814814814814815
0 0.6977124183006536 0.5864197530864198 0.2581699346405229 0.4074074074074074
0 0.1437908496732026 0.3950617283950617 0.19934640522875818 0.41975308641975306
0 0.20588235294117646 0.7333333333333333 0.17320261437908496 0.2617283950617284
0 0.4869281045751634 0.13950617283950617 0.14705882352941177 0.21975308641975308
0 0.8823529411764706 0.4024691358024691 0.19607843137254902 0.4345679012345679
0 0.2769607843137255 0.145679012345679 0.25980392156862747 0.291358024691358
0 0.40962418300653597 0.46553086419753076 0.2581699346405229 0.40740740740740733
0 0.6266339869281046 0.854320987654321 0.15849673202614378 0.23703703703703705