0 0.7965686274509803 0.751453488372093 0.18790849673202614 0.39244186046511625
0 0.14834967320261438 0.44712209302325584 0.1393627450980392 0.2581686046511628
0 0.42401960784313725 0.8415697674418605 0.20751633986928106 0.29941860465116277
0 0.2647058823529412 0.1308139534883721 0.22875816993464052 0.2616279069767442
0 0.6200980392156863 0.8502906976744186 0.19117647058823528 0.2936046511627907
0 0.08251633986928104 0.1686046511627907 0.15849673202614378 0.3372093023255814
0 0.928921568627451 0.4898255813953488 0.1388888888888889 0.39825581395348836
0 0.9150326797385621 0.13372093023255813 0.16666666666666666 0.26744186046511625
0 0.7295751633986928 0.11337209302325581 0.18790849673202614 0.22674418604651161
0 0.8169934640522876 0.36191860465116277 0.14705882352941177 0.311046511627907
0 0.545751633986928 0.4563953488372093 0.32679738562091504 0.48255813953488375
0 0.5098039215686274 0.1380813953488372 0.2581699346405229 0.2761627906976744
0 0.3216666666666667 0.42459302325581394 0.12978758169934643 0.32927325581395345
0 0.25116013071895427 0.7280813953488373 0.18486928104575162 0.2634883720930233
0 0.08637254901960784 0.7330523255813953 0.13539215686274508 0.32325581395348835