0 0.5588235294117647 0.3174019607843137 0.14052287581699346 0.22794117647058823
0 0.6290849673202614 0.6004901960784313 0.16666666666666666 0.2647058823529412
0 0.8276143790849673 0.5931372549019608 0.3382352941176471 0.6568627450980392
0 0.47549019607843135 0.5012254901960784 0.14052287581699346 0.2181372549019608
0 0.9142156862745098 0.19362745098039216 0.16830065359477125 0.3872549019607843
0 0.31862745098039214 0.09803921568627451 0.23529411764705882 0.19607843137254902
0 0.16339869281045752 0.3627450980392157 0.3104575163398693 0.5245098039215687
0 0.4354575163398693 0.2267156862745098 0.2826797385620915 0.4534313725490196
0 0.6830065359477124 0.13480392156862744 0.21568627450980393 0.2696078431372549
0 0.678921568627451 0.8676470588235294 0.21405228758169934 0.2549019607843137
0 0.24088235294117644 0.7973774509803921 0.2693300653594771 0.4052205882352942
0 0.39447712418300646 0.7473529411764707 0.2933006535947712 0.5052941176470588