0 0.5236928104575164 0.5306372549019608 0.20098039215686275 0.3161764705882353
0 0.9044117647058824 0.7916666666666666 0.18790849673202614 0.28431372549019607
0 0.75 0.3627450980392157 0.1568627450980392 0.23039215686274508
0 0.2540849673202614 0.6029411764705882 0.16830065359477125 0.24019607843137256
0 0.6919934640522876 0.6262254901960784 0.18790849673202614 0.2818627450980392
0 0.5678104575163399 0.7634803921568627 0.11601307189542484 0.1642156862745098
0 0.19607843137254902 0.24877450980392157 0.16666666666666666 0.24754901960784315
0 0.4338235294117647 0.2340686274509804 0.1388888888888889 0.21323529411764705
0 0.31290849673202614 0.1213235294117647 0.10947712418300654 0.1642156862745098
0 0.05392156862745098 0.32230392156862747 0.10784313725490197 0.18872549019607843
0 0.07107843137254902 0.12377450980392157 0.14215686274509803 0.2181372549019608