0 0.6691176470588235 0.7487745098039216 0.20751633986928106 0.40931372549019607
0 0.2785947712418301 0.5294117647058824 0.2369281045751634 0.35784313725490197
0 0.7410130718954249 0.38357843137254904 0.2369281045751634 0.3602941176470588
0 0.5187908496732027 0.21446078431372548 0.2369281045751634 0.36519607843137253
0 0.2965686274509804 0.16666666666666666 0.23366013071895425 0.3333333333333333
0 0.24591503267973855 0.8639705882352942 0.24019607843137256 0.26715686274509803
0 0.9174836601307189 0.28921568627450983 0.16176470588235295 0.3627450980392157
0 0.4730392156862745 0.8284313725490197 0.23039215686274508 0.3284313725490196
0 0.8782679738562091 0.6384803921568627 0.23366013071895425 0.3553921568627451
0 0.08905228758169935 0.34191176470588236 0.1715686274509804 0.3553921568627451
0 0.06944444444444445 0.6875 0.13562091503267973 0.33578431372549017
0 0.7687908496732027 0.10416666666666667 0.2369281045751634 0.20833333333333334
0 0.4869281045751634 0.5134803921568627 0.17973856209150327 0.27205882352941174