0 0.30637254901960786 0.14460784313725492 0.1977124183006536 0.28921568627450983
0 0.14787581699346405 0.6825980392156863 0.2042483660130719 0.2965686274509804
0 0.5187908496732027 0.14950980392156862 0.1977124183006536 0.29901960784313725
0 0.5098039215686274 0.8149509803921569 0.19934640522875818 0.30637254901960786
0 0.8562091503267973 0.1642156862745098 0.20261437908496732 0.30392156862745096
0 0.7254901960784313 0.5171568627450981 0.18627450980392157 0.27941176470588236
0 0.6821895424836601 0.2916666666666667 0.12581699346405228 0.18627450980392157
0 0.119281045751634 0.375 0.13071895424836602 0.18627450980392157
0 0.34068627450980393 0.9080882352941176 0.12908496732026145 0.17401960784313725
0 0.2638888888888889 0.4178921568627451 0.12254901960784313 0.18872549019607843
0 0.701797385620915 0.0784313725490196 0.12581699346405228 0.1568627450980392
0 0.18055555555555555 0.9080882352941176 0.12908496732026145 0.17892156862745098
0 0.8888888888888888 0.7720588235294118 0.21568627450980393 0.45098039215686275
0 0.6658496732026143 0.7512254901960784 0.12581699346405228 0.19362745098039216
0 0.47467320261437906 0.4987745098039216 0.272875816993464 0.2916666666666667
0 0.923202614379085 0.43014705882352944 0.13071895424836602 0.18872549019607843
0 0.7156862745098039 0.9129901960784313 0.14052287581699346 0.16911764705882354
0 0.13071895424836602 0.08333333333333333 0.11437908496732026 0.16666666666666666