0 0.5073529411764706 0.6236702127659575 0.2826797385620915 0.45478723404255317
0 0.4820261437908497 0.20079787234042554 0.2875816993464052 0.3962765957446808
0 0.9003267973856209 0.8311170212765957 0.1895424836601307 0.3271276595744681
0 0.8504901960784313 0.5279255319148937 0.1454248366013072 0.24202127659574468
0 0.17238562091503268 0.21941489361702127 0.3382352941176471 0.375
0 0.11437908496732026 0.8696808510638298 0.2222222222222222 0.25
0 0.18790849673202614 0.6023936170212766 0.3758169934640523 0.3537234042553192
0 0.7026143790849673 0.3962765957446808 0.14705882352941177 0.776595744680851
0 0.8570261437908496 0.18882978723404256 0.15196078431372548 0.3723404255319149
0 0.5147058823529411 0.901595744680851 0.5130718954248366 0.18617021276595744
0 0.2222222222222222 0.02127659574468085 0.09477124183006536 0.0425531914893617