0 0.3600260416666667 0.4201388888888889 0.26953125 0.29398148148148145
0 0.28515625 0.7870370370370371 0.359375 0.4074074074074074
0 0.71484375 0.30439814814814814 0.2604166666666667 0.2662037037037037
0 0.125 0.16550925925925927 0.23697916666666666 0.16435185185185186
0 0.8203125 0.6041666666666666 0.3411458333333333 0.3611111111111111
0 0.591796875 0.13194444444444445 0.20182291666666666 0.11574074074074074
0 0.369140625 0.19791666666666666 0.24088541666666666 0.1597222222222222
0 0.189453125 0.3229166666666667 0.18619791666666666 0.2152777777777778
0 0.69140625 0.8831018518518519 0.3802083333333333 0.22453703703703703
0 0.798828125 0.11689814814814815 0.21484375 0.1597222222222222
0 0.8997395833333334 0.28912037037037036 0.20052083333333334 0.20634259259259255
0 0.13932291666666666 0.6160185185185185 0.2786458333333333 0.37402777777777785
0 0.5223567708333333 0.6638888888888889 0.38063802083333337 0.4327083333333333