0 0.8831699346405228 0.11507936507936507 0.1715686274509804 0.23015873015873015
0 0.24019607843137256 0.32671957671957674 0.17973856209150327 0.3306878306878307
0 0.4624183006535948 0.6891534391534392 0.17320261437908496 0.29365079365079366
0 0.255718954248366 0.6521164021164021 0.1781045751633987 0.28835978835978837
0 0.8848039215686274 0.5767195767195767 0.19117647058823528 0.3333333333333333
0 0.7785947712418301 0.35185185185185186 0.1977124183006536 0.291005291005291
0 0.1184640522875817 0.1402116402116402 0.22058823529411764 0.24338624338624337
0 0.397875816993464 0.12962962962962962 0.20751633986928106 0.25925925925925924
0 0.3872549019607843 0.4113756613756614 0.16993464052287582 0.29365079365079366
0 0.08496732026143791 0.6468253968253969 0.16666666666666666 0.24603174603174602
0 0.1388888888888889 0.8796296296296297 0.17973856209150327 0.23015873015873015
0 0.6854575163398693 0.6402116402116402 0.19444444444444445 0.30687830687830686
0 0.5702614379084967 0.4007936507936508 0.14705882352941177 0.3783068783068783
0 0.630718954248366 0.9047619047619048 0.23202614379084968 0.1746031746031746
0 0.36764705882352944 0.9021164021164021 0.22875816993464052 0.18518518518518517
0 0.6715686274509803 0.13227513227513227 0.17320261437908496 0.26455026455026454
0 0.8856209150326797 0.873015873015873 0.2222222222222222 0.24338624338624337
0 0.05800653594771242 0.38492063492063494 0.11601307189542484 0.2830687830687831