0 0.673202614379085 0.8372093023255814 0.20261437908496732 0.313953488372093
0 0.24673202614379086 0.4418604651162791 0.21895424836601307 0.4069767441860465
0 0.4812091503267974 0.4578488372093023 0.22712418300653595 0.40988372093023256
0 0.2540849673202614 0.11773255813953488 0.21405228758169934 0.22965116279069767
0 0.9003267973856209 0.18313953488372092 0.1830065359477124 0.36046511627906974
0 0.7001633986928104 0.15261627906976744 0.2238562091503268 0.30523255813953487
0 0.7116013071895425 0.5174418604651163 0.22712418300653595 0.4186046511627907
0 0.21650326797385622 0.8226744186046512 0.22712418300653595 0.3546511627906977
0 0.9109477124183006 0.5668604651162791 0.16830065359477125 0.4127906976744186
0 0.4730392156862745 0.13662790697674418 0.21405228758169934 0.26744186046511625
0 0.8937908496732027 0.8691860465116279 0.20261437908496732 0.2558139534883721
0 0.06862745098039216 0.4433139534883721 0.13398692810457516 0.41569767441860467
0 0.05800653594771242 0.8328488372093024 0.11274509803921569 0.32848837209302323
0 0.07598039215686274 0.1119186046511628 0.14869281045751634 0.2238372093023256
0 0.4665032679738562 0.8415697674418605 0.2434640522875817 0.29941860465116277