0 0.3284313725490196 0.5166666666666667 0.12745098039215685 0.4444444444444444
0 0.2181372549019608 0.7472222222222222 0.12908496732026145 0.4388888888888889
0 0.5964052287581699 0.8027777777777778 0.13071895424836602 0.38333333333333336
0 0.7704248366013072 0.22777777777777777 0.1323529411764706 0.4444444444444444
0 0.39950980392156865 0.18055555555555555 0.12581699346405228 0.3611111111111111
0 0.7687908496732027 0.8027777777777778 0.12908496732026145 0.39444444444444443
0 0.4354575163398693 0.8055555555555556 0.12908496732026145 0.3888888888888889
0 0.07352941176470588 0.25555555555555554 0.12745098039215685 0.4444444444444444
0 0.9281045751633987 0.7111111111111111 0.12745098039215685 0.4444444444444444
0 0.06781045751633986 0.7527777777777778 0.12581699346405228 0.4388888888888889
0 0.579248366013072 0.2361111111111111 0.1715686274509804 0.46111111111111114
0 0.2238562091503268 0.26666666666666666 0.12091503267973856 0.4222222222222222
0 0.9223856209150327 0.19444444444444445 0.12908496732026145 0.3888888888888889