0 0.15196078431372548 0.28322440087145967 0.1895424836601307 0.2047930283224401
0 0.3006535947712418 0.13507625272331156 0.16993464052287582 0.1830065359477124
0 0.494281045751634 0.1895424836601307 0.2238562091503268 0.24836601307189543
0 0.7638888888888888 0.1906318082788671 0.18137254901960784 0.19389978213507625
0 0.3946078431372549 0.6122004357298475 0.28594771241830064 0.27450980392156865
0 0.7941176470588235 0.6274509803921569 0.21241830065359477 0.2657952069716776
0 0.37254901960784315 0.8671023965141612 0.22549019607843138 0.2570806100217865
0 0.5089869281045751 0.43681917211328974 0.2042483660130719 0.25054466230936817
0 0.16911764705882354 0.7472766884531591 0.2238562091503268 0.2962962962962963
0 0.636437908496732 0.06427015250544663 0.16176470588235295 0.12854030501089325
0 0.6699346405228758 0.3213507625272331 0.20261437908496732 0.20697167755991286
0 0.1111111111111111 0.5032679738562091 0.19934640522875818 0.23529411764705882
0 0.6258169934640523 0.809368191721133 0.24509803921568626 0.33769063180827885
0 0.8406862745098039 0.40413943355119825 0.20098039215686275 0.2374727668845316
0 0.32679738562091504 0.3311546840958606 0.1895424836601307 0.21350762527233116