0 0.4198039215686275 0.19740196078431374 0.24534313725490192 0.12026960784313724
0 0.5065359477124183 0.5306372549019608 0.35294117647058826 0.23284313725490197
0 0.8709150326797386 0.5257352941176471 0.2549019607843137 0.23774509803921567
0 0.49264705882352944 0.8026960784313726 0.4852941176470588 0.38480392156862747
0 0.09238562091503268 0.3364460784313726 0.1815032679738562 0.14835784313725495
0 0.13071895424836602 0.7328431372549019 0.2549019607843137 0.4019607843137255
0 0.8627450980392157 0.22549019607843138 0.2549019607843137 0.12745098039215685
0 0.6511437908496732 0.2622549019607843 0.24019607843137256 0.12254901960784313
0 0.6723856209150327 0.39950980392156865 0.25326797385620914 0.1715686274509804
0 0.19526143790849673 0.4852941176470588 0.2957516339869281 0.19607843137254902
0 0.7944281045751634 0.6527941176470587 0.2892156862745099 0.2226960784313726